generation,size,female_size,fertile_female_size,rate_dr,rate_has_drive,drive_efficiency,germline_resistance,drop_ratio,embryo_resistance,low_density_growth_rate,density_growth_curve
1,78042,49093,1,0.0,0.0,0.5,7.92e-05,2.65,0.0,6.0,linear
2,77587,48816,1,0.0,0.0,0.5,7.92e-05,2.65,0.0,6.0,linear
3,79912,50339,1,0.0,0.0,0.5,7.92e-05,2.65,0.0,6.0,linear
4,79937,50624,1,0.0,0.0,0.5,7.92e-05,2.65,0.0,6.0,linear
5,79681,50803,1,0.0,0.0,0.5,7.92e-05,2.65,0.0,6.0,linear
6,77544,49805,1,0.0,0.0,0.5,7.92e-05,2.65,0.0,6.0,linear
7,76739,49319,1,0.0,0.0,0.5,7.92e-05,2.65,0.0,6.0,linear
8,78324,49995,1,0.0,0.0,0.5,7.92e-05,2.65,0.0,6.0,linear
9,79465,50301,1,0.0,0.0,0.5,7.92e-05,2.65,0.0,6.0,linear
10,79740,50584,1,0.0,0.0,0.5,7.92e-05,2.65,0.0,6.0,linear
11,94468,50273,1,0.130314,0.130314,0.5,7.92e-05,2.65,0.0,6.0,linear
12,101139,49840,1,0.196035,0.208473,0.5,7.92e-05,2.65,0.0,6.0,linear
13,99955,48156,1,0.217352,0.250574,0.5,7.92e-05,2.65,0.0,6.0,linear
14,98040,45230,1,0.242357,0.300325,0.5,7.92e-05,2.65,0.0,6.0,linear
15,97147,42707,1,0.265523,0.349467,0.5,7.92e-05,2.65,0.0,6.0,linear
16,97097,40199,1,0.287336,0.397441,0.5,7.92e-05,2.65,0.0,6.0,linear
17,97628,37721,1,0.306386,0.43747,0.5,7.92e-05,2.65,0.0,6.0,linear
18,97642,35608,1,0.322942,0.472902,0.5,7.92e-05,2.65,0.0,6.0,linear
19,97936,34004,1,0.334215,0.497688,0.5,7.92e-05,2.65,0.0,6.0,linear
20,98233,32838,1,0.342707,0.516546,0.5,7.92e-05,2.65,0.0,6.0,linear
21,97898,31665,1,0.351863,0.533413,0.5,7.92e-05,2.65,0.0,6.0,linear
22,97281,30589,1,0.358858,0.546964,0.5,7.92e-05,2.65,0.0,6.0,linear
23,96878,29697,1,0.363391,0.555986,0.5,7.92e-05,2.65,0.0,6.0,linear
24,96483,28980,1,0.369626,0.567028,0.5,7.92e-05,2.65,0.0,6.0,linear
25,95737,28359,1,0.372033,0.572067,0.5,7.92e-05,2.65,0.0,6.0,linear
26,94892,27819,1,0.376119,0.579625,0.5,7.92e-05,2.65,0.0,6.0,linear
27,94162,27208,1,0.378512,0.584113,0.5,7.92e-05,2.65,0.0,6.0,linear
28,93553,26563,1,0.381175,0.587984,0.5,7.92e-05,2.65,0.0,6.0,linear
29,92947,26373,1,0.383485,0.5909,0.5,7.92e-05,2.65,0.0,6.0,linear
30,92529,26011,1,0.385517,0.595578,0.5,7.92e-05,2.65,0.0,6.0,linear
31,92376,25694,1,0.387905,0.598723,0.5,7.92e-05,2.65,0.0,6.0,linear
32,92454,25448,1,0.388953,0.600197,0.5,7.92e-05,2.65,0.0,6.0,linear
33,91811,25335,1,0.390077,0.602868,0.5,7.92e-05,2.65,0.0,6.0,linear
34,91864,24995,1,0.391462,0.605439,0.5,7.92e-05,2.65,0.0,6.0,linear
35,91313,24774,1,0.394881,0.610413,0.5,7.92e-05,2.65,0.0,6.0,linear
36,90844,24255,1,0.395957,0.61266,0.5,7.92e-05,2.65,0.0,6.0,linear
37,90450,24144,1,0.397641,0.614845,0.5,7.92e-05,2.65,0.0,6.0,linear
38,89989,23878,1,0.398558,0.616376,0.5,7.92e-05,2.65,0.0,6.0,linear
39,89927,23449,1,0.399849,0.618658,0.5,7.92e-05,2.65,0.0,6.0,linear
40,89661,23306,1,0.399465,0.618243,0.5,7.92e-05,2.65,0.0,6.0,linear
41,89476,23266,1,0.400249,0.619156,0.5,7.92e-05,2.65,0.0,6.0,linear
42,89237,23328,1,0.400956,0.619612,0.5,7.92e-05,2.65,0.0,6.0,linear
43,88981,23025,1,0.402094,0.621302,0.5,7.92e-05,2.65,0.0,6.0,linear
44,88947,23023,1,0.402042,0.620228,0.5,7.92e-05,2.65,0.0,6.0,linear
45,88705,23052,1,0.401621,0.619711,0.5,7.92e-05,2.65,0.0,6.0,linear
46,88532,23055,1,0.40194,0.621408,0.5,7.92e-05,2.65,0.0,6.0,linear
47,88800,22970,1,0.404401,0.625421,0.5,7.92e-05,2.65,0.0,6.0,linear
48,88720,22898,1,0.403606,0.624276,0.5,7.92e-05,2.65,0.0,6.0,linear
49,88671,22974,1,0.403064,0.624108,0.5,7.92e-05,2.65,0.0,6.0,linear
50,88608,22834,1,0.404319,0.625855,0.5,7.92e-05,2.65,0.0,6.0,linear
51,88596,22855,1,0.404735,0.626104,0.5,7.92e-05,2.65,0.0,6.0,linear
52,88558,22859,1,0.406144,0.628139,0.5,7.92e-05,2.65,0.0,6.0,linear
53,88172,22554,1,0.405635,0.627031,0.5,7.92e-05,2.65,0.0,6.0,linear
54,88414,22605,1,0.406123,0.627361,0.5,7.92e-05,2.65,0.0,6.0,linear
55,88554,22510,1,0.407862,0.63043,0.5,7.92e-05,2.65,0.0,6.0,linear
56,88020,22389,1,0.409156,0.632327,0.5,7.92e-05,2.65,0.0,6.0,linear
57,87876,22126,1,0.40994,0.633937,0.5,7.92e-05,2.65,0.0,6.0,linear
58,87947,22232,1,0.408743,0.630815,0.5,7.92e-05,2.65,0.0,6.0,linear
59,87512,22119,1,0.409324,0.632229,0.5,7.92e-05,2.65,0.0,6.0,linear
60,87292,22191,1,0.408578,0.630893,0.5,7.92e-05,2.65,0.0,6.0,linear
61,87356,22273,1,0.41032,0.63384,0.5,7.92e-05,2.65,0.0,6.0,linear
62,87114,21984,1,0.409131,0.633803,0.5,7.92e-05,2.65,0.0,6.0,linear
63,87117,21983,1,0.409253,0.632395,0.5,7.92e-05,2.65,0.0,6.0,linear
64,87033,22000,1,0.409838,0.634737,0.5,7.92e-05,2.65,0.0,6.0,linear
65,86983,21922,1,0.410704,0.635092,0.5,7.92e-05,2.65,0.0,6.0,linear
66,87102,22011,1,0.411226,0.6356,0.5,7.92e-05,2.65,0.0,6.0,linear
67,86643,21898,1,0.411294,0.635822,0.5,7.92e-05,2.65,0.0,6.0,linear
68,86902,21923,1,0.410351,0.634155,0.5,7.92e-05,2.65,0.0,6.0,linear
69,86613,21939,1,0.410448,0.634659,0.5,7.92e-05,2.65,0.0,6.0,linear
70,86899,21934,1,0.41035,0.63444,0.5,7.92e-05,2.65,0.0,6.0,linear
71,86843,21598,1,0.412395,0.637282,0.5,7.92e-05,2.65,0.0,6.0,linear
72,86843,21639,1,0.413085,0.638825,0.5,7.92e-05,2.65,0.0,6.0,linear
73,86436,21480,1,0.412172,0.637742,0.5,7.92e-05,2.65,0.0,6.0,linear
74,86022,21432,1,0.409877,0.633447,0.5,7.92e-05,2.65,0.0,6.0,linear
75,86461,21711,1,0.409241,0.631837,0.5,7.92e-05,2.65,0.0,6.0,linear
76,86740,21882,1,0.408681,0.630242,0.5,7.92e-05,2.65,0.0,6.0,linear
77,86910,21962,1,0.409478,0.633098,0.5,7.92e-05,2.65,0.0,6.0,linear
78,86981,21942,1,0.40915,0.632716,0.5,7.92e-05,2.65,0.0,6.0,linear
79,87500,21911,1,0.409717,0.632872,0.5,7.92e-05,2.65,0.0,6.0,linear
80,87574,22146,1,0.409201,0.632271,0.5,7.92e-05,2.65,0.0,6.0,linear
81,86918,21973,1,0.409145,0.631498,0.5,7.92e-05,2.65,0.0,6.0,linear
82,87327,22123,1,0.409052,0.63126,0.5,7.92e-05,2.65,0.0,6.0,linear
83,87452,22065,1,0.408613,0.630222,0.5,7.92e-05,2.65,0.0,6.0,linear
84,87332,22062,1,0.406866,0.628351,0.5,7.92e-05,2.65,0.0,6.0,linear
85,87467,22123,1,0.407888,0.630351,0.5,7.92e-05,2.65,0.0,6.0,linear
86,87552,22283,1,0.40896,0.631218,0.5,7.92e-05,2.65,0.0,6.0,linear
87,87446,22360,1,0.409102,0.631293,0.5,7.92e-05,2.65,0.0,6.0,linear
88,87564,22227,1,0.409518,0.633168,0.5,7.92e-05,2.65,0.0,6.0,linear
89,87552,22167,1,0.408767,0.632362,0.5,7.92e-05,2.65,0.0,6.0,linear
90,87836,22127,1,0.408245,0.631404,0.5,7.92e-05,2.65,0.0,6.0,linear
91,88126,22252,1,0.408129,0.630735,0.5,7.92e-05,2.65,0.0,6.0,linear
92,87688,22151,1,0.40818,0.630486,0.5,7.92e-05,2.65,0.0,6.0,linear
93,87639,22222,1,0.407936,0.630686,0.5,7.92e-05,2.65,0.0,6.0,linear
94,87528,21990,1,0.408439,0.631995,0.5,7.92e-05,2.65,0.0,6.0,linear
95,87301,21722,1,0.409754,0.632506,0.5,7.92e-05,2.65,0.0,6.0,linear
96,86978,21729,1,0.409816,0.632124,0.5,7.92e-05,2.65,0.0,6.0,linear
97,87071,21988,1,0.408766,0.630476,0.5,7.92e-05,2.65,0.0,6.0,linear
98,86949,22160,1,0.409248,0.631988,0.5,7.92e-05,2.65,0.0,6.0,linear
99,86966,22036,1,0.409689,0.633162,0.5,7.92e-05,2.65,0.0,6.0,linear
100,87154,21962,1,0.409912,0.632511,0.5,7.92e-05,2.65,0.0,6.0,linear
101,87489,22022,1,0.411708,0.63592,0.5,7.92e-05,2.65,0.0,6.0,linear
102,87065,21775,1,0.411536,0.636515,0.5,7.92e-05,2.65,0.0,6.0,linear
103,87338,21874,1,0.411553,0.637178,0.5,7.92e-05,2.65,0.0,6.0,linear
104,87036,21735,1,0.41189,0.638159,0.5,7.92e-05,2.65,0.0,6.0,linear
105,87285,21738,1,0.411978,0.636941,0.5,7.92e-05,2.65,0.0,6.0,linear
106,86909,21608,1,0.412731,0.637061,0.5,7.92e-05,2.65,0.0,6.0,linear
107,86852,21753,1,0.41273,0.637267,0.5,7.92e-05,2.65,0.0,6.0,linear
108,86538,21637,1,0.412008,0.63745,0.5,7.92e-05,2.65,0.0,6.0,linear
109,86580,21659,1,0.412417,0.637923,0.5,7.92e-05,2.65,0.0,6.0,linear
110,86640,21598,1,0.412498,0.638533,0.5,7.92e-05,2.65,0.0,6.0,linear
111,86722,21738,1,0.412784,0.638574,0.5,7.92e-05,2.65,0.0,6.0,linear
112,86695,21735,1,0.412511,0.639321,0.5,7.92e-05,2.65,0.0,6.0,linear
113,86595,21528,1,0.413418,0.640247,0.5,7.92e-05,2.65,0.0,6.0,linear
114,86743,21596,1,0.413455,0.639316,0.5,7.92e-05,2.65,0.0,6.0,linear
115,86057,21454,1,0.41404,0.640561,0.5,7.92e-05,2.65,0.0,6.0,linear
116,86141,21375,1,0.414601,0.641561,0.5,7.92e-05,2.65,0.0,6.0,linear
117,86094,21251,1,0.415501,0.642673,0.5,7.92e-05,2.65,0.0,6.0,linear
118,85624,21007,1,0.416288,0.643722,0.5,7.92e-05,2.65,0.0,6.0,linear
119,85863,21046,1,0.417616,0.645008,0.5,7.92e-05,2.65,0.0,6.0,linear
120,85017,20964,1,0.415515,0.64238,0.5,7.92e-05,2.65,0.0,6.0,linear
121,85252,21318,1,0.414663,0.641357,0.5,7.92e-05,2.65,0.0,6.0,linear
122,85905,21307,1,0.414422,0.64076,0.5,7.92e-05,2.65,0.0,6.0,linear
123,86152,21173,1,0.415195,0.642176,0.5,7.92e-05,2.65,0.0,6.0,linear
124,86060,21220,1,0.414937,0.642411,0.5,7.92e-05,2.65,0.0,6.0,linear
125,86055,21100,1,0.414449,0.641398,0.5,7.92e-05,2.65,0.0,6.0,linear
126,86323,21316,1,0.414836,0.640407,0.5,7.92e-05,2.65,0.0,6.0,linear
127,85854,21191,1,0.415249,0.640688,0.5,7.92e-05,2.65,0.0,6.0,linear
128,85843,20992,1,0.414472,0.639017,0.5,7.92e-05,2.65,0.0,6.0,linear
129,85940,21249,1,0.412956,0.637415,0.5,7.92e-05,2.65,0.0,6.0,linear
130,85969,21163,1,0.412316,0.636377,0.5,7.92e-05,2.65,0.0,6.0,linear
131,86094,21445,1,0.412709,0.637254,0.5,7.92e-05,2.65,0.0,6.0,linear
132,86353,21557,1,0.410915,0.634656,0.5,7.92e-05,2.65,0.0,6.0,linear
133,86314,21666,1,0.410429,0.633076,0.5,7.92e-05,2.65,0.0,6.0,linear
134,86768,21788,1,0.410642,0.633731,0.5,7.92e-05,2.65,0.0,6.0,linear
135,87106,21824,1,0.409924,0.633357,0.5,7.92e-05,2.65,0.0,6.0,linear
136,87279,21941,1,0.409682,0.633021,0.5,7.92e-05,2.65,0.0,6.0,linear
137,87021,21842,1,0.410127,0.634062,0.5,7.92e-05,2.65,0.0,6.0,linear
138,87093,21864,1,0.409462,0.632993,0.5,7.92e-05,2.65,0.0,6.0,linear
139,86667,21895,1,0.409306,0.633177,0.5,7.92e-05,2.65,0.0,6.0,linear
140,86915,21871,1,0.410259,0.6351,0.5,7.92e-05,2.65,0.0,6.0,linear
141,87179,21843,1,0.409355,0.633697,0.5,7.92e-05,2.65,0.0,6.0,linear
142,87277,21903,1,0.409653,0.633564,0.5,7.92e-05,2.65,0.0,6.0,linear
143,87220,21980,1,0.40995,0.633712,0.5,7.92e-05,2.65,0.0,6.0,linear
144,86606,21866,1,0.409397,0.633357,0.5,7.92e-05,2.65,0.0,6.0,linear
145,87004,21929,1,0.411076,0.635301,0.5,7.92e-05,2.65,0.0,6.0,linear
146,86958,21890,1,0.410919,0.635682,0.5,7.92e-05,2.65,0.0,6.0,linear
147,86951,21928,1,0.410906,0.634495,0.5,7.92e-05,2.65,0.0,6.0,linear
148,86962,21943,1,0.411092,0.63398,0.5,7.92e-05,2.65,0.0,6.0,linear
149,86527,21757,1,0.410283,0.634059,0.5,7.92e-05,2.65,0.0,6.0,linear
150,87042,21834,1,0.40899,0.631651,0.5,7.92e-05,2.65,0.0,6.0,linear
151,87255,22049,1,0.408595,0.631663,0.5,7.92e-05,2.65,0.0,6.0,linear
152,87565,22200,1,0.408408,0.631315,0.5,7.92e-05,2.65,0.0,6.0,linear
153,87495,22279,1,0.409451,0.63329,0.5,7.92e-05,2.65,0.0,6.0,linear
154,87362,22106,1,0.410276,0.635342,0.5,7.92e-05,2.65,0.0,6.0,linear
155,87275,22026,1,0.410419,0.635746,0.5,7.92e-05,2.65,0.0,6.0,linear
156,87526,22065,1,0.411098,0.63562,0.5,7.92e-05,2.65,0.0,6.0,linear
157,87164,21706,1,0.41076,0.634292,0.5,7.92e-05,2.65,0.0,6.0,linear
158,86671,21621,1,0.410342,0.633868,0.5,7.92e-05,2.65,0.0,6.0,linear
159,86582,21646,1,0.408925,0.630655,0.5,7.92e-05,2.65,0.0,6.0,linear
160,86982,22011,1,0.407851,0.629335,0.5,7.92e-05,2.65,0.0,6.0,linear
161,87191,22084,1,0.40676,0.628048,0.5,7.92e-05,2.65,0.0,6.0,linear
162,88107,22351,1,0.40683,0.627909,0.5,7.92e-05,2.65,0.0,6.0,linear
163,87645,22338,1,0.406934,0.628063,0.5,7.92e-05,2.65,0.0,6.0,linear
164,87882,22438,1,0.407452,0.629027,0.5,7.92e-05,2.65,0.0,6.0,linear
165,87907,22544,1,0.407974,0.631154,0.5,7.92e-05,2.65,0.0,6.0,linear
166,87993,22436,1,0.408092,0.631751,0.5,7.92e-05,2.65,0.0,6.0,linear
167,87782,22216,1,0.408509,0.631159,0.5,7.92e-05,2.65,0.0,6.0,linear
168,87633,22308,1,0.408146,0.63083,0.5,7.92e-05,2.65,0.0,6.0,linear
169,87512,22221,1,0.409091,0.633102,0.5,7.92e-05,2.65,0.0,6.0,linear
170,87852,22272,1,0.408182,0.630627,0.5,7.92e-05,2.65,0.0,6.0,linear
171,87747,22249,1,0.408232,0.631003,0.5,7.92e-05,2.65,0.0,6.0,linear
172,87504,22351,1,0.407213,0.630595,0.5,7.92e-05,2.65,0.0,6.0,linear
173,87704,22598,1,0.406424,0.629467,0.5,7.92e-05,2.65,0.0,6.0,linear
174,88331,22612,1,0.406983,0.629727,0.5,7.92e-05,2.65,0.0,6.0,linear
175,88475,22742,1,0.406032,0.628776,0.5,7.92e-05,2.65,0.0,6.0,linear
176,88301,22678,1,0.406508,0.629175,0.5,7.92e-05,2.65,0.0,6.0,linear
177,88236,22445,1,0.407145,0.629128,0.5,7.92e-05,2.65,0.0,6.0,linear
178,88024,22422,1,0.408383,0.63064,0.5,7.92e-05,2.65,0.0,6.0,linear
179,87885,22355,1,0.407775,0.631223,0.5,7.92e-05,2.65,0.0,6.0,linear
180,87954,22353,1,0.407252,0.631744,0.5,7.92e-05,2.65,0.0,6.0,linear
181,88337,22375,1,0.409424,0.633649,0.5,7.92e-05,2.65,0.0,6.0,linear
182,87863,22182,1,0.409926,0.633484,0.5,7.92e-05,2.65,0.0,6.0,linear
183,87538,22107,1,0.409291,0.633368,0.5,7.92e-05,2.65,0.0,6.0,linear
184,87601,22027,1,0.409594,0.634825,0.5,7.92e-05,2.65,0.0,6.0,linear
185,87687,22034,1,0.409742,0.633864,0.5,7.92e-05,2.65,0.0,6.0,linear
186,87142,21923,1,0.40896,0.631673,0.5,7.92e-05,2.65,0.0,6.0,linear
187,87228,21946,1,0.409459,0.633365,0.5,7.92e-05,2.65,0.0,6.0,linear
188,87216,22079,1,0.408295,0.631049,0.5,7.92e-05,2.65,0.0,6.0,linear
189,87413,21998,1,0.409236,0.632055,0.5,7.92e-05,2.65,0.0,6.0,linear
190,87747,22144,1,0.409558,0.632245,0.5,7.92e-05,2.65,0.0,6.0,linear
191,87707,22070,1,0.408616,0.630981,0.5,7.92e-05,2.65,0.0,6.0,linear
192,87449,22096,1,0.40848,0.632281,0.5,7.92e-05,2.65,0.0,6.0,linear
193,87709,22210,1,0.408131,0.631669,0.5,7.92e-05,2.65,0.0,6.0,linear
194,88350,22382,1,0.40838,0.630482,0.5,7.92e-05,2.65,0.0,6.0,linear
195,87813,22348,1,0.408545,0.63181,0.5,7.92e-05,2.65,0.0,6.0,linear
196,87232,22317,1,0.407215,0.630875,0.5,7.92e-05,2.65,0.0,6.0,linear
197,87713,22325,1,0.40858,0.631946,0.5,7.92e-05,2.65,0.0,6.0,linear
198,87317,22179,1,0.407845,0.631085,0.5,7.92e-05,2.65,0.0,6.0,linear
199,87397,22215,1,0.408957,0.63213,0.5,7.92e-05,2.65,0.0,6.0,linear
200,86923,22192,1,0.408689,0.632516,0.5,7.92e-05,2.65,0.0,6.0,linear
201,87462,22136,1,0.409286,0.633018,0.5,7.92e-05,2.65,0.0,6.0,linear
202,87371,22027,1,0.409261,0.633687,0.5,7.92e-05,2.65,0.0,6.0,linear
203,87577,22088,1,0.409146,0.63162,0.5,7.92e-05,2.65,0.0,6.0,linear
204,87192,21975,1,0.408905,0.630753,0.5,7.92e-05,2.65,0.0,6.0,linear
205,87270,22087,1,0.408181,0.629974,0.5,7.92e-05,2.65,0.0,6.0,linear
206,87085,22104,1,0.407571,0.629129,0.5,7.92e-05,2.65,0.0,6.0,linear
207,87164,22221,1,0.406263,0.627548,0.5,7.92e-05,2.65,0.0,6.0,linear
208,87506,22313,1,0.405694,0.626901,0.5,7.92e-05,2.65,0.0,6.0,linear
209,88025,22512,1,0.405556,0.626532,0.5,7.92e-05,2.65,0.0,6.0,linear
210,88041,22611,1,0.406066,0.627214,0.5,7.92e-05,2.65,0.0,6.0,linear
211,87848,22427,1,0.405745,0.627209,0.5,7.92e-05,2.65,0.0,6.0,linear
212,88189,22625,1,0.405702,0.625891,0.5,7.92e-05,2.65,0.0,6.0,linear
213,88436,22601,1,0.405151,0.626551,0.5,7.92e-05,2.65,0.0,6.0,linear
214,88851,22772,1,0.405557,0.627676,0.5,7.92e-05,2.65,0.0,6.0,linear
215,88267,22617,1,0.405646,0.626687,0.5,7.92e-05,2.65,0.0,6.0,linear
216,88284,22745,1,0.403656,0.624736,0.5,7.92e-05,2.65,0.0,6.0,linear
217,87979,22669,1,0.404944,0.625434,0.5,7.92e-05,2.65,0.0,6.0,linear
218,87889,22680,1,0.405235,0.626805,0.5,7.92e-05,2.65,0.0,6.0,linear
219,88028,22517,1,0.406327,0.629418,0.5,7.92e-05,2.65,0.0,6.0,linear
220,88098,22620,1,0.403901,0.625218,0.5,7.92e-05,2.65,0.0,6.0,linear
221,88611,22918,1,0.403566,0.62387,0.5,7.92e-05,2.65,0.0,6.0,linear
222,88421,22840,1,0.403331,0.62312,0.5,7.92e-05,2.65,0.0,6.0,linear
223,88850,22947,1,0.40324,0.622399,0.5,7.92e-05,2.65,0.0,6.0,linear
224,88553,22896,1,0.402399,0.622402,0.5,7.92e-05,2.65,0.0,6.0,linear
225,88775,22948,1,0.401606,0.62021,0.5,7.92e-05,2.65,0.0,6.0,linear
226,88945,23081,1,0.401844,0.622101,0.5,7.92e-05,2.65,0.0,6.0,linear
227,88926,23051,1,0.400426,0.61941,0.5,7.92e-05,2.65,0.0,6.0,linear
228,89210,23296,1,0.400285,0.61824,0.5,7.92e-05,2.65,0.0,6.0,linear
229,89411,23417,1,0.400493,0.618799,0.5,7.92e-05,2.65,0.0,6.0,linear
230,89380,23339,1,0.400476,0.618622,0.5,7.92e-05,2.65,0.0,6.0,linear
231,89435,23548,1,0.398328,0.61499,0.5,7.92e-05,2.65,0.0,6.0,linear
232,89657,23634,1,0.399062,0.616442,0.5,7.92e-05,2.65,0.0,6.0,linear
233,89873,23525,1,0.398267,0.614708,0.5,7.92e-05,2.65,0.0,6.0,linear
234,90055,23700,1,0.397591,0.613316,0.5,7.92e-05,2.65,0.0,6.0,linear
235,90026,23693,1,0.396191,0.612107,0.5,7.92e-05,2.65,0.0,6.0,linear
236,89702,23921,1,0.395753,0.611758,0.5,7.92e-05,2.65,0.0,6.0,linear
237,89997,23779,1,0.395302,0.610845,0.5,7.92e-05,2.65,0.0,6.0,linear
238,90114,23818,1,0.395592,0.609689,0.5,7.92e-05,2.65,0.0,6.0,linear
239,89988,24049,1,0.394307,0.608711,0.5,7.92e-05,2.65,0.0,6.0,linear
240,89980,24175,1,0.393395,0.606408,0.5,7.92e-05,2.65,0.0,6.0,linear
241,90525,24376,1,0.394668,0.608684,0.5,7.92e-05,2.65,0.0,6.0,linear
242,90501,24396,1,0.392698,0.606296,0.5,7.92e-05,2.65,0.0,6.0,linear
243,90982,24617,1,0.393116,0.606925,0.5,7.92e-05,2.65,0.0,6.0,linear
244,90964,24500,1,0.393301,0.607006,0.5,7.92e-05,2.65,0.0,6.0,linear
245,91248,24418,1,0.393163,0.606994,0.5,7.92e-05,2.65,0.0,6.0,linear
246,90863,24465,1,0.393586,0.60744,0.5,7.92e-05,2.65,0.0,6.0,linear
247,90800,24416,1,0.391352,0.603435,0.5,7.92e-05,2.65,0.0,6.0,linear
248,90952,24610,1,0.390492,0.603183,0.5,7.92e-05,2.65,0.0,6.0,linear
249,90921,24580,1,0.392712,0.606802,0.5,7.92e-05,2.65,0.0,6.0,linear
250,91132,24531,1,0.394438,0.608913,0.5,7.92e-05,2.65,0.0,6.0,linear
251,91275,24475,1,0.394021,0.608429,0.5,7.92e-05,2.65,0.0,6.0,linear
252,91168,24466,1,0.392249,0.605549,0.5,7.92e-05,2.65,0.0,6.0,linear
253,90952,24431,1,0.39121,0.603405,0.5,7.92e-05,2.65,0.0,6.0,linear
254,91441,24717,1,0.390601,0.601912,0.5,7.92e-05,2.65,0.0,6.0,linear
255,91323,24719,1,0.38873,0.599943,0.5,7.92e-05,2.65,0.0,6.0,linear
256,91685,25047,1,0.388807,0.599574,0.5,7.92e-05,2.65,0.0,6.0,linear
257,91649,25130,1,0.387475,0.597524,0.5,7.92e-05,2.65,0.0,6.0,linear
258,92077,25294,1,0.387215,0.596242,0.5,7.92e-05,2.65,0.0,6.0,linear
259,92344,25513,1,0.38557,0.594753,0.5,7.92e-05,2.65,0.0,6.0,linear
260,92574,25679,1,0.385515,0.594809,0.5,7.92e-05,2.65,0.0,6.0,linear
261,92699,25664,1,0.383938,0.591649,0.5,7.92e-05,2.65,0.0,6.0,linear
262,92754,25881,1,0.383013,0.589549,0.5,7.92e-05,2.65,0.0,6.0,linear
263,93008,26115,1,0.382421,0.588914,0.5,7.92e-05,2.65,0.0,6.0,linear
264,92852,26177,1,0.38197,0.587669,0.5,7.92e-05,2.65,0.0,6.0,linear
265,93094,26178,1,0.382268,0.588044,0.5,7.92e-05,2.65,0.0,6.0,linear
266,92918,26135,1,0.37997,0.584738,0.5,7.92e-05,2.65,0.0,6.0,linear
267,93399,26388,1,0.37934,0.58329,0.5,7.92e-05,2.65,0.0,6.0,linear
268,93293,26441,1,0.378457,0.582582,0.5,7.92e-05,2.65,0.0,6.0,linear
269,93468,26471,1,0.377504,0.581049,0.5,7.92e-05,2.65,0.0,6.0,linear
270,93870,26712,1,0.376561,0.57829,0.5,7.92e-05,2.65,0.0,6.0,linear
271,94171,26756,1,0.377038,0.579072,0.5,7.92e-05,2.65,0.0,6.0,linear
272,94532,27217,1,0.37499,0.576032,0.5,7.92e-05,2.65,0.0,6.0,linear
273,94207,27167,1,0.375521,0.577481,0.5,7.92e-05,2.65,0.0,6.0,linear
274,94741,27147,1,0.375995,0.577818,0.5,7.92e-05,2.65,0.0,6.0,linear
275,94310,27193,1,0.374452,0.575273,0.5,7.92e-05,2.65,0.0,6.0,linear
276,94472,27302,1,0.374263,0.576116,0.5,7.92e-05,2.65,0.0,6.0,linear
277,94140,27036,1,0.376166,0.578708,0.5,7.92e-05,2.65,0.0,6.0,linear
278,94512,27247,1,0.375265,0.576522,0.5,7.92e-05,2.65,0.0,6.0,linear
279,94505,27405,1,0.374043,0.575785,0.5,7.92e-05,2.65,0.0,6.0,linear
280,94559,27406,1,0.374533,0.576011,0.5,7.92e-05,2.65,0.0,6.0,linear
281,94193,27284,1,0.374054,0.574849,0.5,7.92e-05,2.65,0.0,6.0,linear
282,94633,27397,1,0.375195,0.576613,0.5,7.92e-05,2.65,0.0,6.0,linear
283,94530,27311,1,0.375045,0.57651,0.5,7.92e-05,2.65,0.0,6.0,linear
284,94492,27258,1,0.373019,0.573637,0.5,7.92e-05,2.65,0.0,6.0,linear
285,94674,27511,1,0.373264,0.573067,0.5,7.92e-05,2.65,0.0,6.0,linear
286,94869,27556,1,0.371239,0.568359,0.5,7.92e-05,2.65,0.0,6.0,linear
287,94922,27932,1,0.368459,0.564899,0.5,7.92e-05,2.65,0.0,6.0,linear
288,95113,28009,1,0.368043,0.562079,0.5,7.92e-05,2.65,0.0,6.0,linear
289,95231,28366,1,0.367001,0.56208,0.5,7.92e-05,2.65,0.0,6.0,linear
290,95571,28443,1,0.364608,0.557786,0.5,7.92e-05,2.65,0.0,6.0,linear
291,95677,28659,1,0.364755,0.559158,0.5,7.92e-05,2.65,0.0,6.0,linear
292,96034,28776,1,0.363903,0.556616,0.5,7.92e-05,2.65,0.0,6.0,linear
293,95971,28823,1,0.363538,0.555635,0.5,7.92e-05,2.65,0.0,6.0,linear
294,96092,28795,1,0.361793,0.552285,0.5,7.92e-05,2.65,0.0,6.0,linear
295,96851,29188,1,0.3619,0.55247,0.5,7.92e-05,2.65,0.0,6.0,linear
296,96995,29211,1,0.362067,0.553445,0.5,7.92e-05,2.65,0.0,6.0,linear
297,97127,29367,1,0.361074,0.551429,0.5,7.92e-05,2.65,0.0,6.0,linear
298,96424,29340,1,0.360445,0.55111,0.5,7.92e-05,2.65,0.0,6.0,linear
299,96722,29372,1,0.36119,0.551089,0.5,7.92e-05,2.65,0.0,6.0,linear
300,96556,29474,1,0.361361,0.551193,0.5,7.92e-05,2.65,0.0,6.0,linear
301,96608,29336,1,0.36038,0.548962,0.5,7.92e-05,2.65,0.0,6.0,linear
302,96557,29503,1,0.357864,0.544386,0.5,7.92e-05,2.65,0.0,6.0,linear
303,96572,29667,1,0.35705,0.543995,0.5,7.92e-05,2.65,0.0,6.0,linear
304,96628,29650,1,0.356429,0.542835,0.5,7.92e-05,2.65,0.0,6.0,linear
305,96889,29827,1,0.355754,0.540941,0.5,7.92e-05,2.65,0.0,6.0,linear
306,97440,30094,1,0.354826,0.539967,0.5,7.92e-05,2.65,0.0,6.0,linear
307,97619,30148,1,0.352684,0.536583,0.5,7.92e-05,2.65,0.0,6.0,linear
308,97852,30315,1,0.352998,0.536043,0.5,7.92e-05,2.65,0.0,6.0,linear
309,98151,30460,1,0.352757,0.535538,0.5,7.92e-05,2.65,0.0,6.0,linear
310,98073,30822,1,0.351758,0.534931,0.5,7.92e-05,2.65,0.0,6.0,linear
311,98000,30772,1,0.352287,0.536054,0.5,7.92e-05,2.65,0.0,6.0,linear
312,98312,30799,1,0.353247,0.536453,0.5,7.92e-05,2.65,0.0,6.0,linear
313,97961,30643,1,0.3517,0.53374,0.5,7.92e-05,2.65,0.0,6.0,linear
314,97814,30774,1,0.351309,0.533116,0.5,7.92e-05,2.65,0.0,6.0,linear
315,97916,30753,1,0.352306,0.534104,0.5,7.92e-05,2.65,0.0,6.0,linear
316,97835,30736,1,0.352043,0.533338,0.5,7.92e-05,2.65,0.0,6.0,linear
317,98106,30843,1,0.35282,0.535521,0.5,7.92e-05,2.65,0.0,6.0,linear

